 25  23  32   3  11  40  33  21  10  24  14  36  20 

 39  44   8  40  32   1  40  25  22   0  30  20   8 

 39  14   5  40  16  30  13   1  36  26  41  21  47 

  1  45  11  37  17   0  33  27  40  15  28  33  42 

  0  33  22  20  41  13  37  49   3   3  29  18   4 

 17  46  45  41  43  48  36   6  37   6   7  20  33 

 49  37  12  34  29  14  17   4  37  11  19  24  10 

 23  29  41  43  34   9  40  31   2  35  30  38  42 

 17  46   1  40  30   0  27  44  35   7   8   4  11 

 47  15  30  21  25   5   1  19   1  37  30  41  20 

25 23 32 3 11 40 33 21 10 24 14 36 20 8 47 42 4 33 10 42 11 20 41 30 37 1 19 1 5 25 21 30 15 47 17 23 49 17 0 1 39 39 44 8 40 32 1 40 25 22 0 30 20 21 33 18 20 24 38 4 8 7 35 44 27 0 30 40 1 46 29 37 46 33 45 14 5 40 16 30 13 1 36 26 41 28 29 7 19 30 35 2 31 40 9 34 43 41 12 45 22 11 37 17 0 33 27 40 15 3 6 11 37 4 17 14 29 34 41 20 41 13 37 49 3 37 6 36 48 43 